%YAML:1.0
# config for fw_zed2i_f9p

# intrinsic
model_type: PINHOLE
camera_name: cam1
image_width: 1280
image_height: 720
distortion_parameters:
   k1: -0.013705400292675644
   k2: 0.01351956571839721
   p1: -0.000806913038206586
   p2: -0.0028638404748635034
projection_parameters:
   fx: 527.4644311562542
   fy: 527.9383388808839
   cx: 647.6983568199339
   cy: 351.1977685749355

# extrinsic
extrinsicRotation: !!opencv-matrix        # R^{imu}_{cam}
   rows: 3
   cols: 3
   dt: d
   data: [ 0.01129080808837021, -0.004471320310557636, 0.9999262597548844,
          -0.9999301632412926,   0.00344058703135805, 0.01130623726631103,
          -0.003490887129951881,-0.9999840847011319, -0.004432161040157589]
extrinsicTranslation: !!opencv-matrix     # t^{imu}_{cam}
   rows: 3
   cols: 1
   dt: d
   data: [0.03767186874423049, -0.0980688527108189, -0.0002632245838794373]
   

